Test accuracy: 0.9997

              precision    recall  f1-score   support

           A      1.000     1.000     1.000       331
           B      1.000     0.998     0.999       432
           C      1.000     1.000     1.000       310
           D      1.000     1.000     1.000       245
           E      1.000     0.998     0.999       498
           F      1.000     1.000     1.000       247
           G      1.000     1.000     1.000       348
           H      1.000     1.000     1.000       436
           I      1.000     1.000     1.000       288
           K      0.997     1.000     0.998       331
           L      1.000     1.000     1.000       209
           M      1.000     1.000     1.000       394
           N      1.000     1.000     1.000       291
           O      1.000     1.000     1.000       246
           P      1.000     1.000     1.000       347
           Q      1.000     1.000     1.000       164
           R      1.000     1.000     1.000       144
           S      0.996     1.000     0.998       246
           T      1.000     1.000     1.000       248
           U      1.000     1.000     1.000       266
           V      1.000     1.000     1.000       346
           W      1.000     1.000     1.000       206
           X      1.000     1.000     1.000       267
           Y      1.000     1.000     1.000       332

    accuracy                          1.000      7172
   macro avg      1.000     1.000     1.000      7172
weighted avg      1.000     1.000     1.000      7172
